# Element ID	Node 1 ID	Node 2 ID	Node 3 ID (Triangle Connectivity)
        1      132      181      502      502
        2      174      304      473      473
        3      185      464      512      512
        4      121      414      173      173
        5      510      343      284      284
        6      284      440      142      142
        7      168      223      322      322
        8      160      489      387      387
        9      168      322      473      473
       10      128      363      257      257
       11      174      409      342      342
       12      141      469      285      285
       13      131      219      314      314
       14      126      362      200      200
       15      227      455      470      470
       16      138      373      216      216
       17      509      346      287      287
       18      225      385      433      433
       19      140      388      237      237
       20      284      343      440      440
       21      187      450      421      421
       22      141      163      362      362
       23      169      265      231      231
       24      119      308      155      155
       25      155      249      235      235
       26      227      250      437      437
       27      172      301      291      291
       28      154      245      234      234
       29      283      441      144      144
       30      133      206      293      293
       31      177      307      246      246
       32      159      488      386      386
       33      153      343      396      396
       34      120      391      346      346
       35      199      313      417      417
       36      115      360      388      388
       37      308      427      420      420
       38      134      395      455      455
       39      331      504      370      370
       40      138      278      231      231
       41      136      443      196      196
       42      127      160      201      201
       43      124      172      167      167
       44      187      467      275      275
       45      234      355      397      397
       46      214      373      498      498
       47      143      164      287      287
       48      207      237      360      360
       49      137      375      218      218
       50      133      293      226      226
       51      142      162      284      284
       52      158      299      416      416
       53      140      491      394      394
       54      179      183      488      488
       55      333      428      492      492
       56      213      375      497      497
       57      228      398      332      332
       58      211      325      337      337
       59      127      254      204      204
       60      268      384      454      454
       61      140      238      388      388
       62      126      158      182      182
       63      330      505      369      369
       64      244      268      454      454
       65      143      287      470      470
       66      149      311      442      442
       67      148      320      328      328
       68      281      338      340      340
       69      121      512      414      414
       70      128      257      203      203
       71      140      394      276      276
       72      184      348      310      310
       73       45      234      222      222
       74      283      328      441      441
       75      188      465      513      513
       76      241      267      452      452
       77      277      451      357      357
       78      199      242      487      487
       79      157      300      415      415
       80      225      318      401      401
       81      148      328      283      283
       82      125      180      238      238
       83      252      348      459      459
       84      125      157      180      180
       85      166      220      323      323
       86      194      253      366      366
       87      203      395      330      330
       88      225      433      318      318
       89      269      417      383      383
       90      128      159      202      202
       91      200      243      486      486
       92       86      221       87       87
       93      193      314      259      259
       94      331      432      389      389
       95      144      286      161      161
       96      176      306      247      247
       97      212      281      492      492
       98      235      353      399      399
       99      189      442      315      315
      100      117      306      356      356
      101      196      326      408      408
      102      152      382      250      250
      103      118      305      154      154
      104      150      320      317      317
      105      124      413      172      172
      106      166      323      472      472
      107      171      412      341      341
      108      206      333      457      457
      109      141      285      163      163
      110      183      347      309      309
      111      126      182      205      205
      112      254      406      368      368
      113      232      264      402      402
      114      145      436      293      293
      115      173      302      292      292
      116      251      347      458      458
      117      121      173      165      165
      118      137      279      232      232
      119      282      338      368      368
      120      122      303      494      494
      121      216      484      365      365
      122      218      480      364      364
      123      123      304      493      493
      124      510      396      343      343
      125      165      222      245      245
      126      144      471      276      276
      127      220      247      233      233
      128      101      223      102      102
      129      223      246      236      236
      130      152      450      359      359
      131      167      221      249      249
      132      502      504      371      371
      133      203      369      447      447
      134      181      370      502      502
      135      189      315      393      393
      136      204      370      449      449
      137      317      320      321      321
      138      179      488      447      447
      139      131      458      438      438
      140      181      489      449      449
      141      132      459      439      439
      142      121      175      185      185
      143      175      305      446      446
      144      176      186      448      448
      145      122      186      176      176
      146      177      187      421      421
      147      123      187      177      177
      148      124      178      188      188
      149      178      308      420      420
      150      311      315      442      442
      151        3        4      190      190
      152      130      401      318      318
      153      169      231      278      278
      154      170      232      279      279
      155      130      290      237      237
      156      218      409      480      480
      157      136      423      170      170
      158      172      461      301      301
      159      210      326      478      478
      160      147      189      340      340
      161      135      424      169      169
      162      173      463      302      302
      163      125      199      157      157
      164      171      303      472      472
      165      126      200      158      158
      166      134      455      227      227
      167      158      258      182      182
      168      181      184      489      489
      169      186      273      448      448
      170      133      228      206      206
      171      116      228      332      332
      172      150      358      320      320
      173      129      224      230      230
      174      207      360      334      334
      175      131      438      179      179
      176      187      275      450      450
      177      198      444      475      475
      178      196      443      478      478
      179      139      338      281      281
      180      139      389      432      432
      181      228      495      428      428
      182      218      375      409      409
      183      197      327      477      477
      184      216      373      412      412
      185      195      325      479      479
      186      239      444      500      500
      187      138      216      278      278
      188      214      494      341      341
      189      207      334      501      501
      190      208      512      464      464
      191      137      218      279      279
      192      213      493      342      342
      193      179      369      219      219
      194      219      349      314      314
      195      132      502      316      316
      196      194      316      258      258
      197      430      460      434      434
      198      136      170      431      431
      199      431      462      435      435
      200      139      432      254      254
      201      119      248      427      427
      202      120      250      227      227
      203      167      291      476      476
      204      156      246      307      307
      205      165      292      474      474
      206      153      247      306      306
      207      189      393      392      392
      208      141      255      456      456
      209      151      248      381      381
      210      287      346      391      391
      211      193      256      367      367
      212      130      429      290      290
      213      212      492      428      428
      214      203      257      395      395
      215      207      501      401      401
      216      230      457      333      333
      217      186      466      273      273
      218      138      231      195      195
      219      137      232      197      197
      220      352      396      377      377
      221      153      233      247      247
      222      354      400      374      374
      223      156      236      246      246
      224      127      361      254      254
      225      130      237      207      207
      226      140      237      491      491
      227      239      414      418      418
      228      135      430      500      500
      229      240      413      419      419
      230      136      431      499      499
      231      162      406      378      378
      232      201      298      485      485
      233      148      283      445      445
      234      163      453      362      362
      235      164      363      454      454
      236      202      297      483      483
      237      154      305      245      245
      238      222      234      245      245
      239      131      179      219      219
      240      168      246      223      223
      241      166      247      220      220
      242      119      226      248      248
      243      226      293      436      436
      244      155      308      249      249
      245      221      235      249      249
      246      120      307      426      426
      247      157      259      180      180
      248      254      361      406      406
      249      142      282      368      368
      250      126      205      255      255
      251      155      235      399      399
      252      143      455      257      257
      253      132      316      194      194
      254      194      258      253      253
      255      131      314      193      193
      256      193      259      256      256
      257      260      374      509      509
      258      261      377      510      510
      259      507      399      376      376
      260      511      397      372      372
      261      135      198      424      424
      262      170      264      232      232
      263      198      329      407      407
      264      231      265      403      403
      265      162      380      284      284
      266      164      384      287      287
      267      161      417      313      313
      268      149      273      311      311
      269      272      296      503      503
      270      224      272      230      230
      271      123      493      467      467
      272      295      382      508      508
      273      313      496      471      471
      274      140      276      238      238
      275      122      494      466      466
      276      420      427      451      451
      277      240      461      413      413
      278      239      463      414      414
      279      294      146      501      501
      280      146      468      280      280
      281      147      340      338      338
      282      212      495      490      490
      283      117      356      324      324
      284      144      276      394      394
      285      118      154      344      344
      286      509      400      346      346
      287      162      452      380      380
      288      119      155      345      345
      289      164      454      384      384
      290      132      439      181      181
      291      256      259      288      288
      292      157      288      259      259
      293      253      258      289      289
      294      158      289      258      258
      295      148      429      321      321
      296      148      445      290      290
      297      197      477      497      497
      298      167      172      291      291
      299      208      329      475      475
      300      165      173      292      292
      301      347      438      458      458
      302      250      382      437      437
      303      209      327      335      335
      304      134      227      294      294
      305      146      295      468      468
      306      263      269      383      383
      307      150      446      358      358
      308      216      412      484      484
      309      159      297      202      202
      310      160      298      201      201
      311      158      200      299      299
      312      157      199      300      300
      313      183      271      488      488
      314      122      166      303      303
      315      123      168      304      304
      316      211      466      494      494
      317      145      457      503      503
      318      175      245      305      305
      319      319      324      356      356
      320      117      153      306      306
      321      307      421      426      426
      322      120      156      307      307
      323      127      204      449      449
      324      178      249      308      308
      325      183      309      271      271
      326      151      506      357      357
      327      184      310      270      270
      328      230      272      503      503
      329      150      312      274      274
      330      148      290      429      429
      331      125      313      199      199
      332      213      497      477      477
      333      180      314      349      349
      334      180      259      314      314
      335      182      371      205      205
      336      182      258      316      316
      337      148      321      320      320
      338      150      317      312      312
      339      190      317      321      321
      340      190      318      433      433
      341      147      319      189      189
      342      135      169      430      430
      343      190      321      318      318
      344      147      282      324      324
      345      147      324      319      319
      346      210      478      419      419
      347      286      441      344      344
      348      118      328      358      358
      349      208      475      418      418
      350      219      505      349      349
      351      115      330      229      229
      352      119      390      226      226
      353      332      371      504      504
      354      205      371      332      332
      355      205      332      398      398
      356      209      467      493      493
      357      129      230      333      333
      358      134      334      229      229
      359      134      294      334      334
      360      208      336      329      329
      361      188      277      465      465
      362      139      368      338      338
      363      147      338      282      282
      364      210      339      326      326
      365      129      281      340      340
      366      210      513      465      465
      367      171      341      303      303
      368      185      274      464      464
      369      174      342      304      304
      370      117      343      153      153
      371      282      440      324      324
      372      511      344      397      397
      373      511      286      344      344
      374      507      345      399      399
      375      507      285      345      345
      376      120      346      156      156
      377      129      392      224      224
      378      348      439      459      459
      379      136      196      423      423
      380      120      426      250      250
      381      115      388      349      349
      382      180      349      238      238
      383      195      350      325      325
      384      195      231      350      350
      385      197      351      327      327
      386      197      232      351      351
      387      154      234      397      397
      388      156      346      400      400
      389      130      207      401      401
      390      133      398      228      228
      391      149      356      448      448
      392      149      319      356      356
      393      151      357      451      451
      394      262      507      376      376
      395      118      358      305      305
      396      320      358      328      328
      397      152      359      508      508
      398      115      229      360      360
      399      229      334      360      360
      400      127      201      361      361
      401      116      495      228      228
      402      126      255      362      362
      403      143      257      363      363
      404      128      202      363      363
      405      262      266      379      379
      406      192      279      364      364
      407      191      278      365      365
      408      194      366      459      459
      409      193      367      458      458
      410      139      254      368      368
      411      142      368      406      406
      412      184      270      489      489
      413      128      447      159      159
      414      139      490      389      389
      415      127      449      160      160
      416      203      330      369      369
      417      219      369      505      505
      418      204      331      370      370
      419      502      370      504      504
      420      182      316      371      371
      421      240      443      499      499
      422      214      341      373      373
      423      509      374      400      400
      424      214      498      479      479
      425      213      342      375      375
      426      510      377      396      396
      427      201      241      378      378
      428      201      378      361      361
      429      200      453      243      243
      430      200      362      453      453
      431      202      244      454      454
      432      202      454      363      363
      433      163      379      453      453
      434      163      285      379      379
      435      261      380      267      267
      436      263      511      372      372
      437      145      381      436      436
      438      145      296      381      381
      439      146      437      382      382
      440      146      382      295      295
      441      161      383      417      417
      442      161      286      383      383
      443      260      384      268      268
      444      225      280      385      385
      445      226      469      456      456
      446      159      386      297      297
      447      282      142      440      440
      448      286      144      441      441
      449      160      387      298      298
      450      237      388      360      360
      451      238      349      388      388
      452      116      331      389      389
      453      119      345      390      390
      454      285      390      345      345
      455      120      227      391      391
      456      144      161      471      471
      457      129      340      392      392
      458      189      392      340      340
      459      224      392      393      393
      460      144      394      283      283
      461      150      274      446      446
      462      134      229      395      395
      463      229      330      395      395
      464      153      396      233      233
      465      233      396      352      352
      466      154      397      344      344
      467      355      372      397      397
      468      141      456      469      469
      469      205      398      255      255
      470      155      399      345      345
      471      353      376      399      399
      472      156      400      236      236
      473      236      400      354      354
      474      280      401      501      501
      475      225      401      280      280
      476      232      402      351      351
      477      231      403      350      350
      478      215      431      404      404
      479      217      430      405      405
      480      142      406      162      162
      481      361      378      406      406
      482      141      362      255      255
      483      143      363      164      164
      484      198      407      424      424
      485      196      408      423      423
      486      342      409      375      375
      487      217      410      239      239
      488      215      411      240      240
      489      341      412      373      373
      490      305      358      446      446
      491      172      413      461      461
      492      135      444      198      198
      493      173      414      463      463
      494      157      415      288      288
      495      158      416      289      289
      496      242      417      269      269
      497      199      417      242      242
      498      208      418      512      512
      499      195      479      498      498
      500      210      419      513      513
      501      128      203      447      447
      502      175      446      185      185
      503      267      380      452      452
      504      178      420      188      188
      505      306      448      356      356
      506      176      448      306      306
      507      119      427      308      308
      508      177      421      307      307
      509      309      347      422      422
      510      251      422      347      347
      511      264      423      408      408
      512      170      423      264      264
      513      265      424      407      407
      514      169      424      265      265
      515      310      348      425      425
      516      252      425      348      348
      517      152      250      426      426
      518      152      426      450      450
      519      151      427      248      248
      520      151      451      427      427
      521      206      228      428      428
      522      206      428      333      333
      523      130      318      429      429
      524      318      321      429      429
      525      169      460      430      430
      526      170      462      431      431
      527      204      254      432      432
      528      204      432      331      331
      529      430      434      405      405
      530      191      434      460      460
      531      431      435      404      404
      532      192      435      462      462
      533      248      436      381      381
      534      226      436      248      248
      535      146      294      437      437
      536      227      437      294      294
      537      179      438      183      183
      538      183      438      347      347
      539      181      439      184      184
      540      184      439      348      348
      541      278      216      365      365
      542      279      218      364      364
      543      117      440      343      343
      544      117      324      440      440
      545      118      441      328      328
      546      118      344      441      441
      547      189      319      442      442
      548      149      442      319      319
      549      136      499      443      443
      550      240      419      443      443
      551      135      500      444      444
      552      239      418      444      444
      553      283      394      445      445
      554      290      445      491      491
      555      185      446      274      274
      556      159      447      488      488
      557      179      447      369      369
      558      149      448      273      273
      559      160      449      489      489
      560      181      449      370      370
      561      275      359      450      450
      562      421      450      426      426
      563      188      451      277      277
      564      188      420      451      451
      565      162      378      452      452
      566      241      452      378      378
      567      266      453      379      379
      568      243      453      266      266
      569      255      398      456      456
      570       60      220       61       61
      571      257      455      395      395
      572       53      191       54       54
      573      143      470      455      455
      574      152      508      382      382
      575      133      226      456      456
      576       94      192       95       95
      577      238      276      496      496
      578      212      428      495      495
      579      145      293      457      457
      580      206      457      293      293
      581      131      193      458      458
      582      251      458      367      367
      583      132      194      459      459
      584      252      459      366      366
      585      169      278      460      460
      586      191      460      278      278
      587      240      411      461      461
      588      301      461      411      411
      589      170      279      462      462
      590      192      462      279      279
      591      239      410      463      463
      592      302      463      410      410
      593      274      336      464      464
      594      208      464      336      336
      595      277      339      465      465
      596      210      465      339      339
      597      211      337      466      466
      598      273      466      337      337
      599      209      335      467      467
      600      275      467      335      335
      601      280      468      385      385
      602      226      390      469      469
      603      285      469      390      390
      604      287      391      470      470
      605      227      470      391      391
      606      161      313      471      471
      607      276      471      496      496
      608      166      472      303      303
      609      168      473      304      304
      610      124      513      413      413
      611       61      220      233      233
      612      123      467      187      187
      613      121      185      512      512
      614       45      222       46       46
      615      122      466      186      186
      616      165      474      222      222
      617      198      475      329      329
      618      418      475      444      444
      619      167      476      221      221
      620      209      213      477      477
      621      209      477      327      327
      622      196      478      326      326
      623      419      478      443      443
      624      211      214      479      479
      625      211      479      325      325
      626      217      481      410      410
      627      217      405      481      481
      628      215      482      411      411
      629      215      404      482      482
      630      202      483      244      244
      631      201      485      241      241
      632      200      486      299      299
      633      199      487      300      300
      634      271      386      488      488
      635      270      387      489      489
      636      139      281      490      490
      637      212      490      281      281
      638      237      290      491      491
      639      394      491      445      445
      640      129      492      281      281
      641      129      333      492      492
      642      209      493      213      213
      643      304      342      493      493
      644      211      494      214      214
      645      303      341      494      494
      646      116      389      495      495
      647      389      490      495      495
      648      125      238      496      496
      649      125      496      313      313
      650      137      197      497      497
      651      137      497      375      375
      652      138      195      498      498
      653      138      498      373      373
      654      215      240      499      499
      655      215      499      431      431
      656      217      239      500      500
      657      217      500      430      430
      658      294      501      334      334
      659      280      501      146      146
      660      121      165      175      175
      661      165      245      175      175
      662      122      176      166      166
      663      176      247      166      166
      664      124      167      178      178
      665      167      249      178      178
      666      123      177      168      168
      667      177      246      168      168
      668      316      502      371      371
      669      230      503      457      457
      670      145      503      296      296
      671      116      504      331      331
      672      116      332      504      504
      673      115      505      330      330
      674      115      349      505      505
      675      151      381      506      506
      676      296      506      381      381
      677      312      317      190      190
      678       98      174       99       99
      679      262      379      507      507
      680      285      507      379      379
      681       57      171       58       58
      682      287      384      509      509
      683      260      509      384      384
      684      284      380      510      510
      685      261      510      380      380
      686      263      383      511      511
      687      286      511      383      383
      688      414      512      418      418
      689      124      188      513      513
      690      413      513      419      419
      691      133      456      398      398
      692       86      235      221      221
      693      102      223      236      236
      694       66      241       67       67
      695       39      242       40       40
      696       80      243       81       81
      697      107      244      108      108
      698       31      114      251      251
      699       32       73      252      252
      700       75      253       76       76
      701       34      256       35       35
      702      105      260      106      106
      703       64      261       65       65
      704       82      262       83       83
      705       41      263       42       42
      706       82      266      262      262
      707       81      243      266      266
      708       81      266       82       82
      709       65      261      267      267
      710       65      267       66       66
      711       66      267      241      241
      712      106      260      268      268
      713      106      268      107      107
      714      107      268      244      244
      715       41      269      263      263
      716       40      242      269      269
      717       40      269       41       41
      718       70      270       71       71
      719      111      271      112      112
      720        2       17      272      272
      721        2      272      224      224
      722       13       14      273      273
      723        5        6      274      274
      724       27       28      275      275
      725       19       20      277      277
      726       35      256      288      288
      727       35      288       36       36
      728       76      253      289      289
      729       76      289       77       77
      730       88      291       89       89
      731       47      292       48       48
      732       29       30      295      295
      733       17       18      296      296
      734       17      296      272      272
      735      109      297      110      110
      736       68      298       69       69
      737       78      299       79       79
      738       37      300       38       38
      739       89      291      301      301
      740       89      301       90       90
      741       48      292      302      302
      742       48      302       49       49
      743      112      271      309      309
      744      112      309      113      113
      745       71      270      310      310
      746       71      310       72       72
      747       14       15      311      311
      748       14      311      273      273
      749        4        5      312      312
      750        5      274      312      312
      751       15       16      315      315
      752       15      315      311      311
      753      100      322      101      101
      754      101      322      223      223
      755       59      323       60       60
      756       60      323      220      220
      757       11       12      325      325
      758       21       22      326      326
      759       25       26      327      327
      760        7        8      329      329
      761       26       27      335      335
      762       27      275      335      335
      763       26      335      327      327
      764        6        7      336      336
      765        6      336      274      274
      766        7      329      336      336
      767       12       13      337      337
      768       13      273      337      337
      769       12      337      325      325
      770       20       21      339      339
      771       20      339      277      277
      772       21      326      339      339
      773       10       11      350      350
      774       11      325      350      350
      775       24       25      351      351
      776       25      327      351      351
      777       62      352       63       63
      778       61      233      352      352
      779       61      352       62       62
      780       84      353       85       85
      781       85      353       86       86
      782       86      353      235      235
      783      103      354      104      104
      784      102      236      354      354
      785      102      354      103      103
      786       43      355       44       44
      787       44      355       45       45
      788       45      355      234      234
      789       19      277      357      357
      790       28      359      275      275
      791       95      192      364      364
      792       95      364       96       96
      793       54      191      365      365
      794       54      365       55       55
      795       74      366       75       75
      796       75      366      253      253
      797       32      252      366      366
      798       32      366       74       74
      799       33      367       34       34
      800       34      367      256      256
      801       31      251      367      367
      802       31      367       33       33
      803       43      372      355      355
      804       42      263      372      372
      805       42      372       43       43
      806      104      354      374      374
      807      104      374      105      105
      808      105      374      260      260
      809       84      376      353      353
      810       83      262      376      376
      811       83      376       84       84
      812       63      352      377      377
      813       63      377       64       64
      814       64      377      261      261
      815        1      385       30       30
      816      111      386      271      271
      817      110      297      386      386
      818      110      386      111      111
      819       70      387      270      270
      820       69      298      387      387
      821       69      387       70       70
      822       16      393      315      315
      823        2      224      393      393
      824        2      393       16       16
      825       24      351      402      402
      826       23       24      402      402
      827       23      402      264      264
      828       10      350      403      403
      829        9       10      403      403
      830        9      403      265      265
      831       92      404       93       93
      832       51      405       52       52
      833        8      407      329      329
      834        8        9      407      407
      835        9      265      407      407
      836       22      408      326      326
      837       22       23      408      408
      838       23      264      408      408
      839       97      409       98       98
      840       98      409      174      174
      841       49      302      410      410
      842       49      410       50       50
      843       90      301      411      411
      844       90      411       91       91
      845       56      412       57       57
      846       57      412      171      171
      847       37      415      300      300
      848       36      288      415      415
      849       36      415       37       37
      850       78      416      299      299
      851       77      289      416      416
      852       77      416       78       78
      853      114      422      251      251
      854      113      309      422      422
      855      113      422      114      114
      856       73      425      252      252
      857       72      310      425      425
      858       72      425       73       73
      859        1        3      433      433
      860        3      190      433      433
      861        1      433      385      385
      862       52      434       53       53
      863       53      434      191      191
      864       52      405      434      434
      865       93      435       94       94
      866       94      435      192      192
      867       93      404      435      435
      868       30      468      295      295
      869       30      385      468      468
      870       58      171      472      472
      871       58      472       59       59
      872       59      472      323      323
      873       99      174      473      473
      874       99      473      100      100
      875      100      473      322      322
      876       47      474      292      292
      877       46      222      474      474
      878       46      474       47       47
      879       88      476      291      291
      880       87      221      476      476
      881       87      476       88       88
      882       96      480       97       97
      883       96      364      480      480
      884       97      480      409      409
      885       50      481       51       51
      886       51      481      405      405
      887       50      410      481      481
      888       91      482       92       92
      889       92      482      404      404
      890       91      411      482      482
      891      109      483      297      297
      892      108      244      483      483
      893      108      483      109      109
      894       55      484       56       56
      895       55      365      484      484
      896       56      484      412      412
      897       68      485      298      298
      898       67      241      485      485
      899       67      485       68       68
      900       79      299      486      486
      901       79      486       80       80
      902       80      486      243      243
      903       38      300      487      487
      904       38      487       39       39
      905       39      487      242      242
      906        4      312      190      190
      907       18      506      296      296
      908       18       19      506      506
      909       19      357      506      506
      910       29      295      508      508
      911       28       29      508      508
      912       28      508      359      359
