# Element ID	Node 1 ID	Node 2 ID	Node 3 ID (Triangle Connectivity)
        1       66      214       87       87
        2       79      161      164      164
        3       61       76       77       77
        4      100      205      225      225
        5       68      233      121      121
        6       60       89      198      198
        7       60       85       91       91
        8       84      234      135      135
        9      143      209      217      217
       10       69       73       84       84
       11       93      240      156      156
       12      138      165      163      163
       13       89       96      169      169
       14      143      148      223      223
       15      108      184       80       80
       16       81      149      236      236
       17       72      120      202      202
       18       57       74       98       98
       19       85      147       91       91
       20       65       82      200      200
       21       72      232      120      120
       22       87      199      141      141
       23       60       96       89       89
       24       70       81      173      173
       25       64      149      104      104
       26       69      146       73       73
       27       69      137      154      154
       28       75       92      222      222
       29       75      222      120      120
       30       69       80      146      146
       31       70      152      153      153
       32       58      170      114      114
       33       72      107      232      232
       34       91      147      151      151
       35       59      122      124      124
       36      102      235      155      155
       37       74      238      124      124
       38       79       95      138      138
       39      112      129      131      131
       40       72      202      150      150
       41       65       86      191      191
       42       68      166      119      119
       43      106      233      175      175
       44       63      216      225      225
       45       74      124      119      119
       46       83      117      213      213
       47       63      161       79       79
       48       68      175      233      233
       49      212      225      216      216
       50       62      167      132      132
       51       66      208      214      214
       52       60      218       96       96
       53       61       77       90       90
       54       71      123      155      155
       55       65      200       86       86
       56       24       25      113      113
       57       67      197      129      129
       58      118      209      210      210
       59       88      142      177      177
       60      111      125      199      199
       61       61       90       75       75
       62       70      136      152      152
       63      104      195      186      186
       64       94      144      145      145
       65       76      229       77       77
       66       87      214      111      111
       67       58       93      170      170
       68       59       83      206      206
       69       89      215      132      132
       70       83      187      206      206
       71       73      145      144      144
       72      122      206      175      175
       73       97      163      160      160
       74      100      221      205      205
       75       59      117       83       83
       76      132      215      156      156
       77      101      229      201      201
       78       78      236      189      189
       79       65      191      126      126
       80       96      218      178      178
       81       94      186      144      144
       82       93      156      215      215
       83       62      146      133      133
       84       94      125      189      189
       85       64      186       94       94
       86       63       79      138      138
       87       68      121      166      166
       88      111      176      125      125
       89       82      131      129      129
       90       77      228      210      210
       91       90      143      223      223
       92       91      172      218      218
       93       60      198       85       85
       94       94      145      196      196
       95       86      139      162      162
       96      226      179      220      220
       97      105      201      130      130
       98       82      171      131      131
       99      126      210      228      228
      100      102      194      203      203
      101      103      116      136      136
      102      103      136      173      173
      103      104      181      227      227
      104       76      201      229      229
      105       76      107      130      130
      106      106      158      159      159
      107       71      106      175      175
      108       65      171       82       82
      109       61      107       76       76
      110       87      185       66       66
      111       69      154       80       80
      112       88      109      180      180
      113      109      185      212      212
      114      110      172      231      231
      115      101      171      230      230
      116       85      198      167      167
      117       57       98      112      112
      118       83      113      174      174
      119      103      214      208      208
      120       63       97      216      216
      121      114      141      199      199
      122       77      210      209      209
      123       72      150      213      213
      124       72      117      107      107
      125      118      217      209      209
      126      115      183      237      237
      127       64       94      189      189
      128      226      220      157      157
      129      121      168      166      166
      130       68      119      122      122
      131       93      145      240      240
      132       71      206      187      187
      133       62      240      146      146
      134      119      124      122      122
      135       58      199      125      125
      136       88      177      208      208
      137       99      207      191      191
      138       58      114      199      199
      139      104      149      181      181
      140      129      197      178      178
      141       67      129      112      112
      142       76      130      201      201
      143       57      112      131      131
      144       85      167      157      157
      145       80      128      133      133
      146       97      180      216      216
      147       57      134      105      105
      148       57      131      134      134
      149       69       84      137      137
      150       84      144      234      234
      151      141      221      185      185
      152       84      135      137      137
      153      119      166      188      188
      154       63      138       97       97
      155       95      165      138      138
      156       86      231      139      139
      157       67      141      114      114
      158       82      178      200      200
      159       88      180      142      142
      160       60       91      218      218
      161       73      144       84       84
      162       71      187      123      123
      163       58      196       93       93
      164       73      146      240      240
      165       80      133      146      146
      166       92      148      190      190
      167       81      127      149      149
      168       63      225      161      161
      169      105      130      238      238
      170       80      154      108      108
      171       81      236      173      173
      172      118      193      217      217
      173       62      132      156      156
      174       85      157      147      147
      175       97      138      163      163
      176      102      158      235      235
      177      144      186      234      234
      178       74      164       98       98
      179       59      206      122      122
      180       74      119      164      164
      181       98      164      161      161
      182       79      188       95       95
      183       95      166      168      168
      184      104      227      195      195
      185      226      157      167      167
      186       95      168      165      165
      187       67      114      169      169
      188      139      231      172      172
      189       89      169      170      170
      190      114      170      169      169
      191      101      134      171      171
      192      131      171      134      134
      193       91      151      172      172
      194      139      172      151      151
      195       70      237       81       81
      196       83      174      187      187
      197       68      122      175      175
      198       92      140      222      222
      199       78      176      103      103
      200       78      189      176      176
      201       82      129      178      178
      202       96      178      197      197
      203       78      103      173      173
      204      128      179      133      133
      205       97      160      180      180
      206      142      180      160      160
      207      127      181      149      149
      208       59      182      117      117
      209       59      124      182      182
      210       95      188      166      166
      211       71      175      206      206
      212       87      141      185      185
      213      100      185      221      221
      214       64      104      186      186
      215       93      196      145      145
      216      123      187      174      174
      217      126      191      207      207
      218       79      164      188      188
      219      119      188      164      164
      220       78      173      236      236
      221      125      176      189      189
      222      113      213      150      150
      223       12       13       99       99
      224       92      190      140      140
      225       86      162      191      191
      226       99      191      162      162
      227      116      192      136      136
      228      136      192      152      152
      229       66       88      208      208
      230      102      155      194      194
      231       58      125      196      196
      232       94      196      125      125
      233       67      169      197      197
      234       96      197      169      169
      235       89      132      198      198
      236      132      167      198      198
      237       87      111      199      199
      238      110      200      178      178
      239       61      232      107      107
      240      105      134      201      201
      241      101      201      134      134
      242      109       66      185      185
      243       88       66      109      109
      244       57      238       74       74
      245      108      204      184      184
      246       98      205      112      112
      247       98      161      205      205
      248       99      193      207      207
      249      118      207      193      193
      250      116      208      177      177
      251      103      208      116      116
      252       77      209       90       90
      253       90      209      143      143
      254      126      207      210      210
      255      118      210      207      207
      256      128       80      184      184
      257      115      211      183      183
      258       62      226      167      167
      259      100      212      185      185
      260       83      213      113      113
      261        2       20       18       18
      262      103      176      214      214
      263      111      214      176      176
      264       81      237      127      127
      265      127      237      183      183
      266       89      170      215      215
      267       93      215      170      170
      268      109      216      180      180
      269      109      212      216      216
      270       62      156      240      240
      271       72      213      117      117
      272      110      218      172      172
      273      110      178      218      218
      274      120      219      202      202
      275       75       90      223      223
      276      117      182      107      107
      277      130      107      182      182
      278       67      112      221      221
      279      112      205      221      221
      280      140      219      222      222
      281      120      222      219      219
      282       75      223       92       92
      283       92      223      148      148
      284      155      224      194      194
      285      123      224      155      155
      286       67      221      141      141
      287      161      225      205      205
      288      100      225      212      212
      289       62      133      226      226
      290      133      179      226      226
      291      126      228      230      230
      292      101      230      228      228
      293      101      228      229      229
      294       77      229      228      228
      295       65      126      230      230
      296       65      230      171      171
      297       86      200      231      231
      298      110      231      200      200
      299       61       75      232      232
      300      106      235      158      158
      301      106      159      233      233
      302      121      233      159      159
      303      186      195      234      234
      304      135      234      195      195
      305       75      120      232      232
      306       71      235      106      106
      307       71      155      235      235
      308       64      236      149      149
      309       64      189      236      236
      310       70      153      237      237
      311      115      237      153      153
      312      130      182      238      238
      313      124      238      182      182
      314       70      173      136      136
      315      102      239      158      158
      316      102      203      239      239
      317       57      105      238      238
      318       73      240      145      145
      319       41       42      116      116
      320       34       35      121      121
      321       26       27      123      123
      322       48       49      127      127
      323        4        5      128      128
      324       52       53      135      135
      325       53       54      137      137
      326       53      137      135      135
      327       10       11      139      139
      328       18       20      140      140
      329       20       21      140      140
      330       39       40      142      142
      331       15       16      143      143
      332        8        9      147      147
      333       16       17      148      148
      334       16      148      143      143
      335       23       24      150      150
      336       24      113      150      150
      337       10      139      151      151
      338        9       10      151      151
      339        9      151      147      147
      340       43       44      152      152
      341       44      153      152      152
      342       44       45      153      153
      343       45      115      153      153
      344       54      154      137      137
      345       54       55      154      154
      346       55      108      154      154
      347        7        8      157      157
      348        8      147      157      157
      349       32       33      158      158
      350       33      159      158      158
      351       33       34      159      159
      352       34      121      159      159
      353       38       39      160      160
      354       39      142      160      160
      355       12       99      162      162
      356       11       12      162      162
      357       11      162      139      139
      358       37       38      163      163
      359       38      160      163      163
      360       36       37      165      165
      361       37      163      165      165
      362       36      165      168      168
      363       35       36      168      168
      364       35      168      121      121
      365       26      123      174      174
      366       25       26      174      174
      367       25      174      113      113
      368       41      116      177      177
      369       40       41      177      177
      370       40      177      142      142
      371       49       50      181      181
      372       49      181      127      127
      373       47       48      183      183
      374       48      127      183      183
      375        3        4      184      184
      376        4      128      184      184
      377       17       18      190      190
      378       18      140      190      190
      379       17      190      148      148
      380       42      192      116      116
      381       42       43      192      192
      382       43      152      192      192
      383       13       14      193      193
      384       13      193       99       99
      385       28       29      194      194
      386       51       52      195      195
      387       52      135      195      195
      388       22       23      202      202
      389       23      150      202      202
      390       29      203      194      194
      391       19       31      203      203
      392       19      203       29       29
      393        3      184      204      204
      394       55       56      204      204
      395       55      204      108      108
      396        1        3      204      204
      397        1      204       56       56
      398       47      183      211      211
      399       30       47      211      211
      400       30      211       46       46
      401       46      211      115      115
      402       45       46      115      115
      403       14       15      217      217
      404       15      143      217      217
      405       14      217      193      193
      406       21       22      219      219
      407       21      219      140      140
      408       22      202      219      219
      409        6        7      220      220
      410        7      157      220      220
      411       27       28      224      224
      412       27      224      123      123
      413       28      194      224      224
      414       50       51      227      227
      415       50      227      181      181
      416       51      195      227      227
      417        5        6      179      179
      418        5      179      128      128
      419        6      220      179      179
      420       32      158      239      239
      421       31       32      239      239
      422       31      239      203      203
