# Node ID	X Coordinate	Y Coordinate	Z Coordinate
        1     4.999750002E-02     5.000000000E-04    -4.999916667E-04
        2    -4.999750002E-02     5.000000000E-04    -4.999916667E-04
        3     4.901292896E-02     5.000000000E-04    -9.923151906E-03
        4     4.636315798E-02     5.000000000E-04    -1.874203985E-02
        5     4.221397315E-02     5.000000000E-04    -2.679251904E-02
        6     3.673116057E-02     5.000000000E-04    -3.391045302E-02
        7     3.008050633E-02     5.000000000E-04    -3.993170532E-02 
        8     2.242779650E-02     5.000000000E-04    -4.469213948E-02
        9     1.393881719E-02     5.000000000E-04    -4.802761904E-02
       10     4.779354480E-03     5.000000000E-04    -4.977400754E-02
       11    -4.779354480E-03     5.000000000E-04    -4.977400754E-02
       12    -1.393881719E-02     5.000000000E-04    -4.802761904E-02
       13    -2.242779650E-02     5.000000000E-04    -4.469213948E-02
       14    -3.008050633E-02     5.000000000E-04    -3.993170532E-02
       15    -3.673116057E-02     5.000000000E-04    -3.391045302E-02
       16    -4.221397315E-02     5.000000000E-04    -2.679251904E-02
       17    -4.636315798E-02     5.000000000E-04    -1.874203985E-02
       18    -4.901292896E-02     5.000000000E-04    -9.923151906E-03
       19    -4.999750002E-02     9.950000000E-02    -4.999916667E-04
       20    -4.999750002E-02     9.500000000E-03    -4.999916667E-04
       21    -4.999750002E-02     1.850000000E-02    -4.999916667E-04
       22    -4.999750002E-02     2.750000000E-02    -4.999916667E-04
       23    -4.999750002E-02     3.650000000E-02    -4.999916667E-04
       24    -4.999750002E-02     4.550000000E-02    -4.999916667E-04
       25    -4.999750002E-02     5.450000000E-02    -4.999916667E-04
       26    -4.999750002E-02     6.350000000E-02    -4.999916667E-04
       27    -4.999750002E-02     7.250000000E-02    -4.999916667E-04
       28    -4.999750002E-02     8.150000000E-02    -4.999916667E-04
       29    -4.999750002E-02     9.050000000E-02    -4.999916667E-04
       30     4.999750002E-02     9.950000000E-02    -4.999916667E-04
       31    -4.901292896E-02     9.950000000E-02    -9.923151906E-03
       32    -4.636315798E-02     9.950000000E-02    -1.874203985E-02
       33    -4.221397315E-02     9.950000000E-02    -2.679251904E-02
       34    -3.673116057E-02     9.950000000E-02    -3.391045302E-02
       35    -3.008050633E-02     9.950000000E-02    -3.993170532E-02
       36    -2.242779650E-02     9.950000000E-02    -4.469213948E-02
       37    -1.393881719E-02     9.950000000E-02    -4.802761904E-02
       38    -4.779354480E-03     9.950000000E-02    -4.977400754E-02
       39     4.779354480E-03     9.950000000E-02    -4.977400754E-02
       40     1.393881719E-02     9.950000000E-02    -4.802761904E-02
       41     2.242779650E-02     9.950000000E-02    -4.469213948E-02
       42     3.008050633E-02     9.950000000E-02    -3.993170532E-02
       43     3.673116057E-02     9.950000000E-02    -3.391045302E-02
       44     4.221397315E-02     9.950000000E-02    -2.679251904E-02
       45     4.636315798E-02     9.950000000E-02    -1.874203985E-02
       46     4.901292896E-02     9.950000000E-02    -9.923151906E-03
       47     4.999750002E-02     9.050000000E-02    -4.999916667E-04
       48     4.999750002E-02     8.150000000E-02    -4.999916667E-04
       49     4.999750002E-02     7.250000000E-02    -4.999916667E-04
       50     4.999750002E-02     6.350000000E-02    -4.999916667E-04
       51     4.999750002E-02     5.450000000E-02    -4.999916667E-04
       52     4.999750002E-02     4.550000000E-02    -4.999916667E-04
       53     4.999750002E-02     3.650000000E-02    -4.999916667E-04
       54     4.999750002E-02     2.750000000E-02    -4.999916667E-04
       55     4.999750002E-02     1.850000000E-02    -4.999916667E-04
       56     4.999750002E-02     9.500000000E-03    -4.999916667E-04
       57    -2.042859469E-02     4.947015485E-02    -4.564310864E-02
       58     2.684871377E-02     5.155561569E-02    -4.217746203E-02
       59    -4.096312290E-02     5.674999946E-02    -2.866398492E-02
       60     1.721065232E-02     2.637500040E-02    -4.695385608E-02
       61    -3.950618569E-02     2.858072913E-02    -3.063693171E-02
       62     3.595075143E-02     2.637500040E-02    -3.473632733E-02
       63    -8.217956688E-03     7.541198477E-02    -4.932643953E-02
       64     4.441383545E-02     6.153103002E-02    -2.297372515E-02
       65    -1.249935102E-02     2.477797065E-02    -4.842188514E-02
       66     1.684823878E-02     7.463297706E-02    -4.708530022E-02
       67     6.065965271E-03     4.954180590E-02    -4.963493421E-02
       68    -3.538880831E-02     7.751464824E-02    -3.530853742E-02
       69     4.614334918E-02     3.143750074E-02    -1.927584388E-02
       70     4.186759154E-02     8.417097084E-02    -2.732925398E-02
       71    -4.574152927E-02     7.418125585E-02    -2.020889056E-02
       72    -4.672171254E-02     3.763199121E-02    -1.783100375E-02
       73     4.265518561E-02     3.824711081E-02    -2.608626896E-02
       74    -2.584298879E-02     5.872889074E-02    -4.280271379E-02
       75    -4.471911484E-02     2.268018933E-02    -2.237532644E-02
       76    -3.438362560E-02     3.372386901E-02    -3.628822211E-02
       77    -3.307277369E-02     2.432721916E-02    -3.748749229E-02
       78     3.767392470E-02     7.080125700E-02    -3.286080769E-02
       79    -1.708000612E-02     7.515720574E-02    -4.700160761E-02
       80     4.583441964E-02     1.957499974E-02    -1.999779998E-02
       81     4.492079360E-02     7.624544994E-02    -2.196872128E-02
       82    -7.169196648E-03     3.366666677E-02    -4.948874112E-02
       83    -4.605363151E-02     5.643259933E-02    -1.948878556E-02
       84     4.653765463E-02     4.019718253E-02    -1.830524799E-02
       85     2.176384532E-02     1.775000027E-02    -4.502009400E-02
       86    -6.937730767E-03     1.740785958E-02    -4.952148974E-02
       87     1.813319371E-02     6.641449358E-02    -4.660475977E-02
       88     1.396676656E-02     8.292384697E-02    -4.801950088E-02
       89     2.150789709E-02     3.421317011E-02    -4.514326070E-02
       90    -3.960130927E-02     2.030828614E-02    -3.051409903E-02
       91     1.388635466E-02     1.760416688E-02    -4.804280928E-02
       92    -4.665605224E-02     1.496313859E-02    -1.800184359E-02
       93     3.202238382E-02     4.327162635E-02    -3.838955842E-02
       94     4.030364610E-02     5.612500121E-02    -2.958208944E-02
       95    -2.178217796E-02     8.259911755E-02    -4.501120292E-02
       96     1.257732548E-02     3.462500040E-02    -4.840171672E-02
       97    -4.314677941E-03     8.329783082E-02    -4.981599104E-02
       98    -1.582741300E-02     5.908219975E-02    -4.743857372E-02
       99    -1.903117474E-02     7.525799351E-03    -4.624460842E-02
      100    -1.405619514E-04     6.500997693E-02    -4.999980611E-02
      101    -2.307051655E-02     3.231592744E-02    -4.436285564E-02
      102    -4.793601494E-02     8.679687519E-02    -1.425060283E-02
      103     3.233115408E-02     7.765111533E-02    -3.812957439E-02
      104     4.781457680E-02     6.017863899E-02    -1.465300117E-02
      105    -2.767607138E-02     4.414979799E-02    -4.163788396E-02
      106    -4.303309261E-02     8.276562510E-02    -2.545976189E-02
      107    -4.095544628E-02     3.785893527E-02    -2.867492709E-02
      108     4.875702717E-02     1.584989197E-02    -1.111637227E-02
      109     7.651704302E-03     7.553237847E-02    -4.941691012E-02
      110     3.505462983E-03     2.477577703E-02    -4.987873224E-02
      111     2.544990662E-02     6.518202819E-02    -4.303823641E-02
      112    -7.567980022E-03     5.153121028E-02    -4.942972036E-02
      113    -4.885359517E-02     5.225000031E-02    -1.068264287E-02
      114     1.774233171E-02     5.168750060E-02    -4.675522439E-02
      115     4.747430535E-02     9.133928682E-02    -1.572030567E-02
      116     2.808371442E-02     8.968064540E-02    -4.136337457E-02
      117    -4.384190389E-02     4.735728681E-02    -2.404431035E-02
      118    -2.966070939E-02     1.212173038E-02    -4.024510262E-02
      119    -3.005316716E-02     6.939784781E-02    -3.995232346E-02
      120    -4.755335514E-02     2.764851441E-02    -1.547964483E-02
      121    -3.314808033E-02     8.881249987E-02    -3.742086427E-02
      122    -3.772414677E-02     6.692192107E-02    -3.280320229E-02
      123    -4.901455046E-02     7.020568222E-02    -9.915107455E-03
      124    -3.464499876E-02     5.845561476E-02    -3.603870056E-02
      125     3.150493928E-02     5.951186091E-02    -3.881589061E-02
      126    -2.066846820E-02     2.055208329E-02    -4.553471716E-02
      127     4.867682851E-02     7.648341390E-02    -1.146337222E-02
      128     4.388890789E-02     9.933658200E-03    -2.395864407E-02
      129    -1.493152792E-03     4.244245772E-02    -4.997807576E-02
      130    -3.403903333E-02     4.205762804E-02    -3.661177787E-02
      131    -1.227179234E-02     4.193750007E-02    -4.847997299E-02
      132     2.909653070E-02     2.973302029E-02    -4.065569803E-02
      133     4.065918160E-02     1.858475707E-02    -2.909255182E-02
      134    -2.072413407E-02     4.024999996E-02    -4.550934465E-02
      135     4.908836230E-02     4.213520948E-02    -9.541374137E-03
      136     3.599290961E-02     8.545909501E-02    -3.469265691E-02
      137     4.895374127E-02     3.396875091E-02    -1.021223365E-02
      138    -1.308413046E-02     8.337499997E-02    -4.826732756E-02
      139    -2.301623998E-04     1.015121548E-02    -4.999948008E-02
      140    -4.920849052E-02     1.332930567E-02    -8.897969051E-03
      141     1.197385608E-02     5.943695095E-02    -4.855429494E-02
      142     9.730608494E-03     9.132925334E-02    -4.905175219E-02
      143    -3.936545725E-02     9.985344304E-03    -3.081722633E-02
      144     4.376841791E-02     4.711378052E-02    -2.417744984E-02
      145     3.878782876E-02     4.570749956E-02    -3.153999751E-02
      146     4.187495497E-02     2.882247584E-02    -2.731799885E-02
      147     1.793311100E-02     9.125000134E-03    -4.668225566E-02
      148    -4.457378540E-02     8.750000000E-03    -2.266268280E-02
      149     4.681233330E-02     6.884375158E-02    -1.759207333E-02
      150    -4.917791593E-02     4.128125094E-02    -9.066253092E-03
      151     8.929536790E-03     9.000000089E-03    -4.920323571E-02
      152     3.935386715E-02     9.217594727E-02    -3.083199989E-02
      153     4.418664408E-02     9.180319656E-02    -2.340653787E-02
      154     4.880010988E-02     2.464062564E-02    -1.092512367E-02
      155    -4.830647919E-02     7.928959372E-02    -1.293813285E-02
      156     3.269054134E-02     3.480854637E-02    -3.782157992E-02
      157     2.786528549E-02     1.072040154E-02    -4.151118795E-02
      158    -4.517672574E-02     9.074126342E-02    -2.143887895E-02
      159    -3.999534410E-02     9.095996091E-02    -2.999676812E-02
      160     8.075082166E-04     9.125000000E-02    -4.999359469E-02
      161    -1.194530307E-02     6.735950397E-02    -4.856131490E-02
      162    -1.019839179E-02     8.750000000E-03    -4.895697864E-02
      163    -8.993143808E-03     9.143749999E-02    -4.919170406E-02
      164    -2.141737610E-02     6.762499991E-02    -4.518639165E-02
      165    -1.817176266E-02     9.162499997E-02    -4.658970685E-02
      166    -2.954633708E-02     8.093749984E-02    -4.032931193E-02
      167     2.941196863E-02     2.156740736E-02    -4.042760890E-02
      168    -2.609562201E-02     9.021874992E-02    -4.264874478E-02
      169     1.519004047E-02     4.315625050E-02    -4.764662836E-02
      170     2.349922043E-02     4.339062559E-02    -4.413662956E-02
      171    -1.551398981E-02     3.344058763E-02    -4.754207446E-02
      172     6.361775599E-03     1.831339717E-02    -4.959818820E-02
      173     3.991043778E-02     7.695160525E-02    -3.010942219E-02
      174    -4.890520766E-02     6.082812512E-02    -1.044300060E-02
      175    -4.092789725E-02     7.490655034E-02    -2.871414425E-02
      176     3.226627354E-02     6.819528030E-02    -3.818455564E-02
      177     1.902758269E-02     9.075261854E-02    -4.624608968E-02
      178     2.938344927E-03     3.314289337E-02    -4.991488579E-02
      179     3.905377662E-02     9.131607908E-03    -3.121060874E-02
      180     4.848644586E-03     8.320999709E-02    -4.976737363E-02
      181     4.916374425E-02     6.685805257E-02    -9.143159418E-03
      182    -3.844322874E-02     4.936718724E-02    -3.195851660E-02
      183     4.911972009E-02     8.565638926E-02    -9.377870738E-03
      184     4.757248971E-02     9.176945858E-03    -1.542076065E-02
      185     7.984372248E-03     6.676803043E-02    -4.936456960E-02
      186     4.592192305E-02     5.343574279E-02    -1.979648381E-02
      187    -4.697484029E-02     6.531380054E-02    -1.715401443E-02
      188    -2.460968888E-02     7.483278750E-02    -4.352548542E-02
      189     3.869243377E-02     6.375000098E-02    -3.165677832E-02
      190    -4.759405640E-02     7.537342738E-03    -1.535409022E-02
      191    -1.547174898E-02     1.534631377E-02    -4.755584688E-02
      192     3.390693619E-02     9.330347719E-02    -3.673420949E-02
      193    -2.691105619E-02     6.374999970E-03    -4.213760962E-02
      194    -4.939939698E-02     8.445312497E-02    -7.761574954E-03
      195     4.894562623E-02     5.135926583E-02    -1.025120031E-02
      196     3.456148091E-02     5.115738555E-02    -3.611882159E-02
      197     7.110191130E-03     4.058168158E-02    -4.949719451E-02
      198     2.406964972E-02     2.570582006E-02    -4.382728281E-02
      199     2.110087017E-02     5.948336458E-02    -4.533544717E-02
      200    -3.052211610E-03     2.597402276E-02    -4.990814216E-02
      201    -2.820687815E-02     3.767813652E-02    -4.127928708E-02
      202    -4.927154855E-02     3.225486750E-02    -8.539978487E-03
      203    -4.933415830E-02     9.239764740E-02    -8.168390055E-03
      204     4.935117595E-02     8.703125229E-03    -8.064319075E-03
      205    -6.899200551E-03     6.138215345E-02    -4.952683379E-02
      206    -4.328561395E-02     6.492134016E-02    -2.502922903E-02
      207    -2.348581843E-02     1.340348778E-02    -4.414378258E-02
      208     2.362473024E-02     8.148317772E-02    -4.406938671E-02
      209    -3.413258238E-02     1.541906322E-02    -3.652454040E-02
      210    -2.818457977E-02     1.849999992E-02    -4.129455067E-02
      211     4.936641520E-02     9.290693741E-02    -7.969929008E-03
      212     2.204588004E-03     7.033136954E-02    -4.995214940E-02
      213    -4.730201585E-02     4.698890545E-02    -1.623103198E-02
      214     2.553971413E-02     7.242623428E-02    -4.298485719E-02
      215     2.808514871E-02     3.698881568E-02    -4.136239843E-02
      216    -2.600898969E-04     7.600120899E-02    -4.999933605E-02
      217    -3.341172693E-02     7.271799401E-03    -3.718547354E-02
      218     1.060717626E-02     2.603125028E-02    -4.887031723E-02
      219    -4.945551684E-02     2.296744845E-02    -7.393103971E-03
      220     3.397209900E-02     7.531737212E-03    -3.667392440E-02
      221     1.142313582E-03     5.847591222E-02    -4.998717543E-02
      222    -4.799011146E-02     2.014516022E-02    -1.406726948E-02
      223    -4.333167530E-02     1.575730342E-02    -2.494962227E-02
      224    -4.961062171E-02     7.741301148E-02    -6.259252652E-03
      225    -3.893182564E-03     6.884375010E-02    -4.985031146E-02
      226     3.477783072E-02     1.565181858E-02    -3.591050835E-02
      227     4.951372057E-02     5.979969852E-02    -6.989797262E-03
      228    -2.569038165E-02     2.449999992E-02    -4.289473269E-02
      229    -2.887484937E-02     3.056072031E-02    -4.081377936E-02
      230    -1.947638941E-02     2.715696549E-02    -4.605846069E-02
      231     1.435643515E-04     1.944763483E-02    -4.999979774E-02
      232    -4.419737569E-02     3.081367427E-02    -2.338632355E-02
      233    -3.857612898E-02     8.343176643E-02    -3.179819578E-02
      234     4.727185290E-02     4.660765692E-02    -1.631860069E-02
      235    -4.635696962E-02     8.268761260E-02    -1.875731253E-02
      236     4.254034748E-02     6.955497288E-02    -2.627262459E-02
      237     4.637570515E-02     8.425317020E-02    -1.871102901E-02
      238    -3.160485353E-02     4.998122978E-02    -3.873446831E-02
      239    -4.780052829E-02     9.377229559E-02    -1.469877021E-02
      240     3.762081159E-02     3.631519300E-02    -3.292153755E-02
