# Node ID	X Coordinate	Y Coordinate	Z Coordinate
        1    -3.697247075E-02     1.754063116E-07    -5.393404809E-02
        2     3.697239322E-02     9.486463719E-06    -5.395675562E-02
        3    -3.615641229E-02    -7.730119942E-03    -5.368758406E-02
        4    -3.375518842E-02    -1.509284443E-02    -5.296594310E-02
        5    -2.989446303E-02    -2.176184249E-02    -5.190403761E-02
        6    -2.475003992E-02    -2.746725096E-02    -5.069124441E-02
        7    -1.852800610E-02    -3.198824447E-02    -4.953423803E-02
        8    -1.147679888E-02    -3.513199139E-02    -4.862817433E-02
        9    -3.884741571E-03    -3.674952930E-02    -4.812740590E-02
       10     3.888211756E-03    -3.674916880E-02    -4.812118736E-02
       11     1.148116127E-02    -3.513037960E-02    -4.861068864E-02
       12     1.853658258E-02    -3.198289257E-02    -4.951021874E-02
       13     2.475779863E-02    -2.746019437E-02    -5.066690760E-02
       14     2.990052851E-02    -2.175342788E-02    -5.188412252E-02
       15     3.375924250E-02    -1.508382318E-02    -5.295380212E-02
       16     3.615830631E-02    -7.721367757E-03    -5.368919369E-02
       17     3.615446163E-02     7.739247435E-03    -5.370204782E-02
       18     3.375184873E-02     1.510029267E-02    -5.296903684E-02
       19     2.989095330E-02     2.176664918E-02    -5.189464280E-02
       20     2.474517587E-02     2.747194502E-02    -5.067057837E-02
       21     1.852811166E-02     3.198799412E-02    -4.950632998E-02
       22     1.147638106E-02     3.513188739E-02    -4.859414039E-02
       23     3.884573399E-03     3.674917858E-02    -4.808907826E-02
       24    -3.891066989E-03     3.674877560E-02    -4.807976424E-02
       25    -1.147954926E-02     3.513121121E-02    -4.856669262E-02
       26    -1.853934510E-02     3.198119932E-02    -4.946445121E-02
       27    -2.476061522E-02     2.745752983E-02    -5.061797018E-02
       28    -2.990289771E-02     2.175001123E-02    -5.183547248E-02
       29    -3.375833482E-02     1.508585912E-02    -5.291166213E-02
       30    -3.615664621E-02     7.729274376E-03    -5.365757718E-02
       31    -1.262601942E-01     9.544577585E-13    -7.065579727E-02
       32     1.262601942E-01    -1.894252225E-12    -7.065549086E-02
       33    -1.256018978E-01    -7.847543568E-03    -7.028806617E-02
       34    -1.236729767E-01    -1.549007260E-02    -6.922301718E-02
       35    -1.206896599E-01    -2.260179998E-02    -6.760705478E-02
       36    -1.167737809E-01    -2.925965850E-02    -6.554654737E-02
       37    -1.122235723E-01    -3.525708227E-02    -6.323748417E-02
       38    -1.072193200E-01    -4.063188808E-02    -6.080352454E-02
       39    -1.016784314E-01    -4.561564730E-02    -5.823823909E-02
       40    -9.556736204E-02    -5.028184222E-02    -5.556766465E-02
       41    -8.941706577E-02    -5.432168665E-02    -5.304672073E-02
       42    -8.281342682E-02    -5.807856053E-02    -5.052587565E-02
       43    -7.596870167E-02    -6.145549240E-02    -4.811811480E-02
       44    -6.900389645E-02    -6.443800692E-02    -4.588241545E-02
       45    -6.174708997E-02    -6.711824987E-02    -4.378158695E-02
       46    -5.445723997E-02    -6.942068399E-02    -4.190346541E-02
       47    -4.695660141E-02    -7.142263716E-02    -4.021505477E-02
       48    -3.926226327E-02    -7.312538882E-02    -3.874419730E-02
       49    -3.155745241E-02    -7.449918168E-02    -3.753734238E-02
       50    -2.373733775E-02    -7.556963192E-02    -3.658151708E-02
       51    -1.585845906E-02    -7.633215313E-02    -3.588960743E-02
       52    -7.951336001E-03    -7.678800473E-02    -3.546973323E-02
       53     5.693261105E-06    -7.693980574E-02    -3.532812380E-02
       54     7.964350459E-03    -7.678769251E-02    -3.546985019E-02
       55     1.586925044E-02    -7.633180165E-02    -3.589028398E-02
       56     2.374442395E-02    -7.556926802E-02    -3.658174114E-02
       57     3.156487109E-02    -7.449822903E-02    -3.753794089E-02
       58     3.927189496E-02    -7.312348171E-02    -3.874624077E-02
       59     4.694558668E-02    -7.142407496E-02    -4.021162107E-02
       60     5.444274299E-02    -6.942006628E-02    -4.189625053E-02
       61     6.175769869E-02    -6.710774134E-02    -4.378026431E-02
       62     6.903506086E-02    -6.442114590E-02    -4.588928604E-02
       63     7.599224804E-02    -6.144394512E-02    -4.812533617E-02
       64     8.282275011E-02    -5.807361969E-02    -5.052946540E-02
       65     8.942649263E-02    -5.431592651E-02    -5.305027344E-02
       66     9.557662744E-02    -5.027530439E-02    -5.557184265E-02
       67     1.017071188E-01    -4.559191094E-02    -5.825105160E-02
       68     1.072652140E-01    -4.058691152E-02    -6.082513535E-02
       69     1.122806582E-01    -3.519070439E-02    -6.326662665E-02
       70     1.167943106E-01    -2.924433870E-02    -6.555651375E-02
       71     1.206685097E-01    -2.264769200E-02    -6.759650982E-02
       72     1.236799658E-01    -1.547586873E-02    -6.922623575E-02
       73     1.255888375E-01    -7.915743316E-03    -7.028086324E-02
       74     1.256014523E-01     7.850187839E-03    -7.028790602E-02
       75     1.236984045E-01     1.542104538E-02    -6.923654247E-02
       76     1.206988233E-01     2.258362206E-02    -6.761205398E-02
       77     1.167884775E-01     2.923786899E-02    -6.555414565E-02
       78     1.122581016E-01     3.521623822E-02    -6.325451759E-02
       79     1.072500071E-01     4.060182297E-02    -6.081800334E-02
       80     1.016921110E-01     4.560434256E-02    -5.824456895E-02
       81     9.556147260E-02     5.028599890E-02    -5.556527796E-02
       82     8.940416359E-02     5.432957637E-02    -5.304125553E-02
       83     8.279264692E-02     5.808956203E-02    -5.051850655E-02
       84     7.595990647E-02     6.145878908E-02    -4.811463147E-02
       85     6.900706059E-02     6.443228365E-02    -4.588069718E-02
       86     6.173483160E-02     6.711555508E-02    -4.377385310E-02
       87     5.442277712E-02     6.942587650E-02    -4.189150700E-02
       88     4.692852311E-02     7.142824050E-02    -4.020837644E-02
       89     3.926157425E-02     7.312547752E-02    -3.874410268E-02
       90     3.156412870E-02     7.449727097E-02    -3.753575190E-02
       91     2.374108024E-02     7.556752357E-02    -3.657708398E-02
       92     1.585442095E-02     7.633105212E-02    -3.588508844E-02
       93     7.947839913E-03     7.678762051E-02    -3.546797698E-02
       94    -5.362637722E-08     7.693980583E-02    -3.532809563E-02
       95    -7.947183218E-03     7.678764435E-02    -3.546786983E-02
       96    -1.585288795E-02     7.633117234E-02    -3.588489925E-02
       97    -2.373809063E-02     7.556787023E-02    -3.657672170E-02
       98    -3.155885060E-02     7.449810103E-02    -3.753488459E-02
       99    -3.925398329E-02     7.312699236E-02    -3.874265403E-02
      100    -4.691877622E-02     7.143061559E-02    -4.020623313E-02
      101    -5.441098790E-02     6.942930919E-02    -4.188860184E-02
      102    -6.172174486E-02     6.712002335E-02    -4.377038214E-02
      103    -6.899729187E-02     6.443616846E-02    -4.587776526E-02
      104    -7.595314231E-02     6.146189680E-02    -4.811221585E-02
      105    -8.278500877E-02     5.809359978E-02    -5.051559206E-02
      106    -8.939246504E-02     5.433672283E-02    -5.303678620E-02
      107    -9.554632324E-02     5.029668916E-02    -5.555928677E-02
      108    -1.016824016E-01     4.561238274E-02    -5.824070735E-02
      109    -1.072458697E-01     4.060589204E-02    -6.081666090E-02
      110    -1.122688087E-01     3.520461144E-02    -6.326067767E-02
      111    -1.167995256E-01     2.923493775E-02    -6.555894673E-02
      112    -1.206651660E-01     2.265385905E-02    -6.759456842E-02
      113    -1.236751021E-01     1.549029680E-02    -6.922378572E-02
      114    -1.255933672E-01     7.898063511E-03    -7.028331680E-02
      115    -8.162687671E-02     1.086189762E-06    -6.026163518E-02
      116     8.051934672E-02     4.491829401E-04    -6.009158309E-02
      117     5.766190712E-02    -3.811706788E-02    -5.187560653E-02
      118    -5.803996850E-02    -3.753023649E-02    -5.211713476E-02
      119     5.826590178E-02     3.660487480E-02    -5.233842889E-02
      120    -5.827959222E-02     3.658240462E-02    -5.223625246E-02
      121    -3.769618122E-02    -5.008770515E-02    -4.647987632E-02
      122     3.649802155E-02    -4.865623988E-02    -4.672884118E-02
      123    -3.658844990E-02     4.797948986E-02    -4.688585541E-02
      124     3.680747063E-02     5.000757072E-02    -4.639602039E-02
      125    -9.165652617E-02    -2.280262545E-02    -6.072252763E-02
      126     9.172682766E-02     2.206425310E-02    -6.085123759E-02
      127     9.151088758E-02    -2.206173256E-02    -6.075866615E-02
      128    -9.150016873E-02     2.207498075E-02    -6.072001622E-02
      129     5.888369969E-02    -3.859759445E-03    -5.646491788E-02
      130    -5.972169122E-02    -5.886514798E-03    -5.650907315E-02
      131    -1.033057541E-01     5.107215238E-05    -6.484062071E-02
      132     1.039469091E-01     2.684565559E-06    -6.501818015E-02
      133     6.968678820E-02     1.748055159E-02    -5.726009640E-02
      134    -6.969610972E-02     1.746964817E-02    -5.716753474E-02
      135    -1.281670722E-02    -5.506409978E-02    -4.341496113E-02
      136     1.281778662E-02     5.504575578E-02    -4.339278530E-02
      137    -1.380030171E-02     5.607181270E-02    -4.307935480E-02
      138     1.380426629E-02    -5.609999547E-02    -4.310608223E-02
      139     7.468283036E-02    -1.430005485E-02    -5.837814056E-02
      140    -7.527418894E-02    -1.333355342E-02    -5.857784272E-02
      141     7.733086271E-02     2.997794538E-02    -5.677228305E-02
      142     7.392107173E-02    -3.045144069E-02    -5.602658990E-02
      143    -7.733040996E-02     2.997049670E-02    -5.666676799E-02
      144    -7.402688792E-02    -2.945708337E-02    -5.627960079E-02
      145     5.184889682E-02     1.670091834E-02    -5.472808182E-02
      146    -5.123350382E-02     1.434950944E-02    -5.479595246E-02
      147     5.857846294E-02    -2.023330681E-02    -5.518471773E-02
      148    -5.858722439E-02    -2.022787527E-02    -5.521897983E-02
      149     4.382829463E-02    -2.792872581E-02    -5.220600548E-02
      150    -4.299892690E-02    -2.752444955E-02    -5.222132752E-02
      151     4.463888876E-02     2.762471219E-02    -5.237332719E-02
      152    -4.442576748E-02     2.803469200E-02    -5.218561913E-02
      153     5.834117132E-02    -4.685759429E-02    -4.976202101E-02
      154    -5.834804046E-02    -4.684196042E-02    -4.982607763E-02
      155     5.837240687E-02     4.669118468E-02    -4.985518438E-02
      156    -5.838239969E-02     4.666611943E-02    -4.977046483E-02
      157    -1.013299621E-01    -2.273739574E-02    -6.284709306E-02
      158     1.013382901E-01     2.272525653E-02    -6.286195362E-02
      159    -9.965586881E-02     2.409429248E-02    -6.222200831E-02
      160     9.966237999E-02    -2.408109805E-02    -6.225041946E-02
      161    -8.115437692E-02    -3.553298147E-02    -5.639145276E-02
      162     8.113158982E-02    -3.574845171E-02    -5.628329550E-02
      163     8.112898496E-02     3.574281687E-02    -5.633019333E-02
      164    -8.112808784E-02     3.573988449E-02    -5.623259750E-02
      165    -4.412603455E-02    -5.649532677E-02    -4.517066563E-02
      166     4.297751047E-02    -5.610460164E-02    -4.512244945E-02
      167     4.389224756E-02     5.642835102E-02    -4.514927800E-02
      168    -4.297539084E-02     5.606568470E-02    -4.511045377E-02
      169    -3.831254295E-03    -5.563150303E-02    -4.304757202E-02
      170     3.834046216E-03     5.561045891E-02    -4.302275011E-02
      171     3.298363221E-02    -6.619426870E-02    -4.077716296E-02
      172     3.537849420E-02     5.852735170E-02    -4.363578071E-02
      173    -3.591368627E-02    -5.884771628E-02    -4.359608545E-02
      174    -3.299227398E-02     6.612295105E-02    -4.079086546E-02
      175    -4.405532427E-02    -4.548588611E-02    -4.840447707E-02
      176     4.357997094E-02    -4.606096249E-02    -4.814304070E-02
      177    -4.332576600E-02     4.513753763E-02    -4.831421449E-02
      178     4.379379204E-02     4.641355933E-02    -4.810289835E-02
      179    -1.003763746E-01     8.358341464E-03    -6.395005010E-02
      180    -9.575502844E-02    -1.520136264E-02    -6.246298037E-02
      181     1.008200662E-01    -8.564408997E-03    -6.406725414E-02
      182     9.658349809E-02     1.485820097E-02    -6.270107298E-02
      183    -1.085951271E-01     1.277588122E-02    -6.559334686E-02
      184     1.086478918E-01    -1.280020771E-02    -6.562161759E-02
      185    -3.657964506E-02    -4.041420685E-02    -4.894771782E-02
      186     3.732203581E-02    -4.001382987E-02    -4.906604028E-02
      187    -3.795459848E-02     3.925713897E-02    -4.924481605E-02
      188     3.702567623E-02     4.050145622E-02    -4.894165094E-02
      189     5.110151986E-02    -1.606349570E-02    -5.466034085E-02
      190    -4.238724637E-02    -1.327495904E-02    -5.393496028E-02
      191     3.791098175E-03    -6.977951942E-02    -3.814975756E-02
      192    -3.779472560E-03     6.976415462E-02    -3.813871444E-02
      193    -1.089219909E-01    -6.610187054E-03    -6.604627285E-02
      194     1.091842088E-01     6.739371189E-03    -6.612869229E-02
      195     1.425392704E-02    -4.826655457E-02    -4.546138851E-02
      196     1.528991883E-02     4.779184659E-02    -4.561910458E-02
      197    -1.425203164E-02     4.824326484E-02    -4.542384575E-02
      198    -1.528844668E-02    -4.781432533E-02    -4.564522753E-02
      199    -9.518616190E-02    -3.175751722E-02    -6.000463439E-02
      200     9.510051385E-02     3.168937674E-02    -5.999542426E-02
      201     9.502748695E-02    -3.037673306E-02    -6.018446061E-02
      202    -9.481091740E-02     3.175732332E-02    -5.984764019E-02
      203    -8.726895420E-02     1.512409106E-02    -6.064426220E-02
      204     8.788457866E-02    -1.432564072E-02    -6.087735910E-02
      205     8.747297715E-02     1.493000964E-02    -6.078124436E-02
      206     6.546821877E-02     1.024523124E-02    -5.719476204E-02
      207    -6.360904709E-02     1.578581512E-03    -5.716644329E-02
      208    -2.538569130E-02    -4.278655076E-02    -4.749718483E-02
      209    -2.494532105E-02     4.429256821E-02    -4.699912877E-02
      210     2.538429855E-02     4.277127846E-02    -4.747025179E-02
      211     2.498012173E-02    -4.431627011E-02    -4.704278189E-02
      212     6.984771477E-02    -2.730516351E-03    -5.817731555E-02
      213    -2.475822579E-02     5.256267411E-02    -4.467358893E-02
      214     2.476211354E-02    -5.259202740E-02    -4.470232499E-02
      215     1.783198590E-02     6.487589983E-02    -4.030731745E-02
      216     1.593802003E-02    -6.382708350E-02    -4.060077742E-02
      217    -1.783015426E-02    -6.488667762E-02    -4.031968638E-02
      218    -1.593475079E-02     6.379851464E-02    -4.058731204E-02
      219    -9.513600793E-02     6.136505564E-04    -6.300666753E-02
      220     5.233904069E-02    -6.081836141E-02    -4.467404861E-02
      221     5.280446017E-02     6.082128083E-02    -4.475869974E-02
      222    -5.282023355E-02    -6.082868486E-02    -4.476681425E-02
      223    -5.232619931E-02     6.079265188E-02    -4.466422325E-02
      224     4.910369869E-02    -1.111070728E-03    -5.523270423E-02
      225    -4.813545741E-02    -2.156056992E-05    -5.509477369E-02
      226     6.332809578E-02     2.673454405E-02    -5.498836747E-02
      227    -6.334023427E-02     2.671735734E-02    -5.488316937E-02
      228     7.461411335E-02     7.841487919E-03    -5.884432972E-02
      229    -7.579005458E-02     9.146421926E-03    -5.891462109E-02
      230     5.374331251E-02     4.602647205E-03    -5.576223865E-02
      231     5.541491231E-03    -5.043849235E-02    -4.463372930E-02
      232    -5.537267522E-03     5.041487561E-02    -4.460087820E-02
      233     5.949530090E-02    -5.628643492E-02    -4.713142496E-02
      234    -5.957514793E-02    -5.628301214E-02    -4.718469688E-02
      235     5.956837941E-02     5.625491836E-02    -4.718681378E-02
      236    -5.949030290E-02     5.623616785E-02    -4.712152545E-02
      237    -6.881952304E-02    -7.076751213E-03    -5.785915854E-02
      238    -8.519620902E-02    -1.565171552E-02    -6.023281553E-02
      239    -2.359839621E-02    -5.866943015E-02    -4.274731041E-02
      240     2.359804701E-02     5.865725789E-02    -4.273012674E-02
      241     9.400637317E-02    -4.024450996E-02    -5.788007369E-02
      242    -9.527657890E-02    -4.035121481E-02    -5.816508494E-02
      243     9.443939292E-02     4.144708467E-02    -5.770872366E-02
      244    -9.439395340E-02     4.146136239E-02    -5.764691046E-02
      245    -5.163225140E-02    -5.136679334E-02    -4.763180784E-02
      246    -5.113649537E-02     5.116795399E-02    -4.753635792E-02
      247     5.122847300E-02    -5.138873144E-02    -4.751770358E-02
      248     5.408781553E-02     2.832379219E-02    -5.340182089E-02
      249     5.073024956E-02     5.143414914E-02    -4.748338619E-02
      250    -5.410408161E-02     2.830140408E-02    -5.330199648E-02
      251    -1.189107161E-01     3.285645659E-03    -6.865346483E-02
      252     1.189369655E-01    -3.324377292E-03    -6.867071314E-02
      253     1.146746437E-01     1.431120514E-02    -6.700108551E-02
      254     8.243969257E-02    -2.142084052E-02    -5.901997322E-02
      255     8.269889684E-02     2.238267485E-02    -5.899254707E-02
      256    -1.146634275E-01    -1.433894924E-02    -6.698242259E-02
      257    -8.262371673E-02     2.241172722E-02    -5.887811929E-02
      258     1.059404238E-01     1.393179398E-02    -6.490743494E-02
      259    -1.052259571E-01    -1.446840905E-02    -6.467123715E-02
      260    -8.192575249E-02     5.032841305E-02    -5.271546926E-02
      261     8.194138913E-02    -5.033368184E-02    -5.274186594E-02
      262     8.192675933E-02     5.033458674E-02    -5.276388258E-02
      263    -8.201071771E-02    -5.028195245E-02    -5.280080926E-02
      264     3.244182561E-03     4.703526578E-02    -4.553687307E-02
      265    -3.236013365E-03    -4.706112143E-02    -4.556725721E-02
      266     8.816426466E-02     4.645014630E-02    -5.509419942E-02
      267     8.816983124E-02    -4.645173349E-02    -5.507082399E-02
      268    -8.815967296E-02     4.644950565E-02    -5.504428951E-02
      269    -8.846744992E-02    -4.628925705E-02    -5.520758994E-02
      270     1.117868856E-01    -2.093137231E-02    -6.555258945E-02
      271    -1.124780226E-01     2.096233694E-02    -6.571062458E-02
      272     4.470474047E-02     6.654243183E-03    -5.460536216E-02
      273     3.421476493E-02    -3.129122545E-02    -5.067036538E-02
      274    -3.351725697E-02    -3.050952100E-02    -5.079306934E-02
      275    -3.262696883E-02     3.137179378E-02    -5.046425341E-02
      276    -7.901325583E-02    -2.169826935E-02    -5.837443691E-02
      277     3.262163837E-02     3.143166082E-02    -5.052583951E-02
      278     5.942323443E-03    -6.085088934E-02    -4.136416740E-02
      279    -5.935313054E-03     6.082850544E-02    -4.134208577E-02
      280    -5.012043885E-02     6.245853610E-03    -5.519639249E-02
      281     6.708166419E-02    -8.590183284E-03    -5.751144088E-02
      282     6.601202239E-02    -2.561299937E-02    -5.553852230E-02
      283    -6.560182469E-02    -2.538891083E-02    -5.555329758E-02
      284     7.372125439E-02    -3.878011553E-02    -5.425342331E-02
      285     7.367493977E-02     3.773843482E-02    -5.452889592E-02
      286    -7.385528745E-02    -3.852899504E-02    -5.439428968E-02
      287    -7.368137206E-02     3.772470188E-02    -5.442762576E-02
      288    -1.113562493E-01    -2.160131762E-02    -6.537211869E-02
      289     1.113730342E-01     2.157826757E-02    -6.538759436E-02
      290    -6.312551211E-02    -1.258625829E-02    -5.664197227E-02
      291     4.064968525E-02     6.461223188E-02    -4.205150489E-02
      292    -4.065397284E-02    -6.462966043E-02    -4.205532638E-02
      293     6.089586620E-02     1.750277213E-02    -5.588263895E-02
      294    -6.037262998E-02     1.628505016E-02    -5.584165516E-02
      295    -4.212815320E-02     1.548194799E-02    -5.365167944E-02
      296     4.318812200E-02     1.463279028E-02    -5.391630661E-02
      297    -1.036606653E-01     3.281794828E-02    -6.165077488E-02
      298     1.036183692E-01    -3.208407566E-02    -6.180014527E-02
      299     1.037928912E-01     3.212475390E-02    -6.185886979E-02
      300    -1.036119816E-01    -3.283023719E-02    -6.168140557E-02
      301     3.380242268E-02     6.643043578E-02    -4.077155838E-02
      302    -3.380233152E-02    -6.643654918E-02    -4.077789562E-02
      303     3.518601269E-02    -5.763013503E-02    -4.388873730E-02
      304    -3.518733415E-02     5.758757090E-02    -4.387907513E-02
      305    -5.091304027E-02    -4.215716474E-02    -5.006741064E-02
      306     5.077776366E-02    -4.215673463E-02    -4.999507250E-02
      307    -5.035602838E-02     4.201941629E-02    -4.991620222E-02
      308     5.045942220E-02     4.208568970E-02    -5.000813778E-02
      309    -1.159212798E-01     1.479370262E-02    -6.725030078E-02
      310     1.157062644E-01    -1.454409526E-02    -6.722600595E-02
      311     3.891636160E-02    -2.214062720E-02    -5.259807487E-02
      312    -3.788506262E-02    -2.137545564E-02    -5.262865812E-02
      313    -8.721088661E-02    -3.011928460E-02    -5.864437879E-02
      314    -9.934022335E-02    -7.157255482E-03    -6.378865247E-02
      315     4.242670179E-02    -1.557840277E-02    -5.371777519E-02
      316     1.010100389E-01     7.129517234E-03    -6.419753256E-02
      317    -4.517651627E-02    -2.063984733E-02    -5.347098663E-02
      318    -5.093351749E-02    -6.745834407E-03    -5.530359378E-02
      319     5.132965090E-02    -2.471062757E-02    -5.359942699E-02
      320    -5.133874681E-02    -2.470121418E-02    -5.363834606E-02
      321    -5.130074222E-02    -1.629072159E-02    -5.468461653E-02
      322    -4.690395498E-02     6.448902962E-02    -4.273789043E-02
      323     4.691560704E-02    -6.450943804E-02    -4.274333156E-02
      324     5.810033862E-02    -2.919070805E-02    -5.375885037E-02
      325     1.804400915E-02    -4.034834931E-02    -4.766939778E-02
      326     1.807138038E-02     4.023382007E-02    -4.769260181E-02
      327    -1.804524795E-02     4.033021845E-02    -4.762653950E-02
      328    -5.819904019E-02    -2.925905793E-02    -5.380668031E-02
      329    -1.807369474E-02    -4.024937359E-02    -4.772171919E-02
      330    -8.387958835E-02     7.882227595E-03    -6.049259086E-02
      331     8.466523617E-02    -6.701711814E-03    -6.073726196E-02
      332     8.370707028E-02     7.928084093E-03    -6.051990825E-02
      333     6.161791298E-02     4.175188960E-03    -5.687019793E-02
      334    -6.673577506E-02     9.666458042E-03    -5.735540763E-02
      335    -2.492482726E-02     3.570093188E-02    -4.904050427E-02
      336    -2.548268701E-02    -3.549742003E-02    -4.920449519E-02
      337     2.548493730E-02    -3.550360630E-02    -4.916956160E-02
      338     6.692904576E-02    -1.677695728E-02    -5.683729792E-02
      339     2.547939123E-02     3.549319761E-02    -4.917785335E-02
      340     5.873108162E-02    -1.204653125E-02    -5.602728416E-02
      341     2.833793331E-02    -5.879650194E-02    -4.297702462E-02
      342    -2.833894885E-02     5.875160368E-02    -4.296693060E-02
      343     6.613950319E-02    -4.263221064E-02    -5.205212618E-02
      344    -6.621230761E-02    -4.248737067E-02    -5.215943463E-02
      345     6.621342584E-02     4.230580443E-02    -5.218902433E-02
      346    -6.622445861E-02     4.228417389E-02    -5.209326899E-02
      347    -1.134987094E-01     7.827489211E-03    -6.711401474E-02
      348     1.129545979E-01    -7.507834755E-03    -6.700851984E-02
      349    -8.868593297E-02    -6.406722037E-03    -6.153695128E-02
      350     9.592438715E-03    -4.227956196E-02    -4.691194464E-02
      351    -9.593091641E-03     4.226061562E-02    -4.687248936E-02
      352     6.765774716E-02    -5.941773448E-02    -4.737209318E-02
      353     6.765245950E-02     5.941430911E-02    -4.739200598E-02
      354    -6.763698367E-02     5.940511090E-02    -4.735804306E-02
      355    -6.766148155E-02    -5.941801352E-02    -4.739377276E-02
      356     5.056460360E-02    -3.273063829E-02    -5.209578728E-02
      357     3.716834791E-02     2.690444128E-02    -5.173356324E-02
      358    -5.050617895E-02    -3.253761222E-02    -5.217200306E-02
      359    -3.743391756E-02     2.648216306E-02    -5.174659441E-02
      360    -7.250200910E-02     1.241395502E-03    -5.860695363E-02
      361     8.784626178E-02    -2.732968915E-02    -5.920776728E-02
      362     8.628042199E-02     2.955166869E-02    -5.855829427E-02
      363    -8.623062504E-02     2.950827560E-02    -5.846202576E-02
      364    -1.142610715E-02     6.980643883E-02    -3.826350231E-02
      365     1.143666727E-02    -6.982248064E-02    -3.827367844E-02
      366     1.181543576E-01     5.971588220E-03    -6.839838527E-02
      367    -1.181601985E-01    -5.991118437E-03    -6.838585712E-02
      368     7.458019730E-02    -2.278577447E-02    -5.738816283E-02
      369    -9.169222013E-02     8.270695665E-03    -6.205580226E-02
      370     9.205576261E-02    -7.301994369E-03    -6.221295320E-02
      371     9.237456831E-02     7.479219910E-03    -6.229346276E-02
      372    -7.504158943E-02    -5.448652781E-02    -5.024047183E-02
      373     2.122428111E-02    -5.858525291E-02    -4.261803671E-02
      374    -7.501079017E-02     5.448283999E-02    -5.018749116E-02
      375    -2.122289331E-02     5.855023089E-02    -4.260036373E-02
      376     7.501531601E-02     5.449189788E-02    -5.023206868E-02
      377     7.502721454E-02    -5.449571872E-02    -5.020804580E-02
      378     8.843169972E-02    -3.346939154E-02    -5.819809547E-02
      379     8.114531897E-02     4.273013180E-02    -5.469274302E-02
      380     8.114952306E-02    -4.273621749E-02    -5.465352568E-02
      381     4.790474107E-02     2.168712421E-02    -5.365134836E-02
      382    -4.831999842E-02     2.201429413E-02    -5.356301284E-02
      383    -8.125856334E-02    -4.259662034E-02    -5.476109283E-02
      384    -8.114824927E-02     4.272188424E-02    -5.461268313E-02
      385    -4.270861306E-02     3.207898207E-03    -5.445506534E-02
      386    -1.077303252E-01     2.685383454E-02    -6.369051347E-02
      387     1.077154826E-01    -2.686113043E-02    -6.369939049E-02
      388    -7.845053263E-02    -6.666232449E-03    -5.954496584E-02
      389     7.844969813E-02    -6.658120495E-03    -5.955904470E-02
      390     6.603612519E-02     3.500807981E-02    -5.385271100E-02
      391    -6.604680539E-02     3.498969696E-02    -5.374619581E-02
      392     5.278276681E-02    -8.011367756E-03    -5.548113767E-02
      393     4.475011356E-02    -8.082844590E-03    -5.452335344E-02
      394    -7.147503174E-02    -2.026876552E-02    -5.721965088E-02
      395    -7.871666630E-02     1.579570880E-02    -5.892442937E-02
      396     6.709501672E-02    -5.105087834E-02    -4.989644196E-02
      397    -6.712886216E-02    -5.102133078E-02    -4.995857871E-02
      398     7.871338435E-02     1.579881872E-02    -5.901118104E-02
      399     6.690695180E-02     5.102716219E-02    -4.991342926E-02
      400    -6.689636261E-02     5.100858479E-02    -4.984068289E-02
      401    -5.512331592E-02     8.860210126E-04    -5.596393782E-02
      402    -2.393644340E-03     4.311432357E-02    -4.655828595E-02
      403     2.397050753E-03    -4.313755423E-02    -4.659371734E-02
      404     1.217848581E-02     7.046254382E-02    -3.804771320E-02
      405    -1.217872077E-02    -7.047182806E-02    -3.805667670E-02
      406     8.155812001E-02    -2.841731796E-02    -5.778576243E-02
      407    -1.056413616E-02    -4.307149231E-02    -4.675222214E-02
      408     1.056738579E-02     4.304230603E-02    -4.672389413E-02
      409    -2.494616998E-02     6.682304627E-02    -3.996451556E-02
      410    -2.564361714E-02    -6.712857185E-02    -3.992891436E-02
      411     2.564417012E-02     6.712705250E-02    -3.991888838E-02
      412     2.493790024E-02    -6.686923249E-02    -3.996220915E-02
      413     3.040147637E-02     5.409923383E-02    -4.463836152E-02
      414    -3.040540451E-02    -5.411906089E-02    -4.465728798E-02
      415    -1.084712490E-01    -2.793017965E-02    -6.372458223E-02
      416     1.085229375E-01     2.782223705E-02    -6.375710086E-02
      417    -8.807992405E-02    -3.778848709E-02    -5.725552828E-02
      418    -2.512793017E-02    -5.015252491E-02    -4.548045795E-02
      419     2.512637607E-02     5.013802022E-02    -4.545572249E-02
      420     4.378650450E-02     3.915482402E-02    -4.994174564E-02
      421    -4.377551010E-02     3.912994154E-02    -4.985640904E-02
      422    -1.191784276E-01     9.467307707E-03    -6.848455997E-02
      423     9.109597308E-03     4.996237247E-02    -4.481204113E-02
      424    -9.106480893E-03    -4.998610155E-02    -4.483843113E-02
      425     1.192735711E-01    -9.557967170E-03    -6.851137555E-02
      426    -4.859038666E-02     3.471690962E-02    -5.137815074E-02
      427     4.854315034E-02     3.493540511E-02    -5.142670059E-02
      428     6.856460909E-02     2.832813635E-03    -5.797649444E-02
      429    -5.670355158E-02    -1.215651117E-02    -5.574885668E-02
      430    -9.975026710E-03    -6.218099947E-02    -4.099657384E-02
      431     9.976282948E-03     6.216417163E-02    -4.097964169E-02
      432     8.176457497E-02    -1.315206357E-02    -5.977442586E-02
      433    -4.287552348E-02    -4.096132347E-03    -5.446721204E-02
      434    -4.651222234E-03    -7.000887388E-02    -3.807478362E-02
      435     4.654610163E-03     6.999809695E-02    -3.806368463E-02
      436     5.577688371E-02     2.237214431E-02    -5.455819882E-02
      437    -5.559531351E-02     2.200475972E-02    -5.448385838E-02
      438    -1.069810810E-01     5.713558618E-03    -6.560353728E-02
      439     1.069956411E-01    -5.730194280E-03    -6.562977592E-02
      440     6.536925678E-02    -3.431932690E-02    -5.384909751E-02
      441    -6.591486675E-02    -3.416930614E-02    -5.402188893E-02
      442     4.607520592E-02    -2.082050985E-02    -5.352056494E-02
      443     1.899166896E-02     5.288370057E-02    -4.430429385E-02
      444    -1.899145649E-02    -5.290068861E-02    -4.432708373E-02
      445    -6.546685475E-02    -1.889347967E-02    -5.640314408E-02
      446    -4.232518569E-02    -3.520153591E-02    -5.069068308E-02
      447    -9.560190441E-02     1.589622666E-02    -6.232288738E-02
      448     4.323972698E-02    -3.651364914E-02    -5.045903640E-02
      449     9.567225481E-02    -1.573027328E-02    -6.238385460E-02
      450    -4.079139528E-02     3.314111530E-02    -5.085064924E-02
      451     4.079755604E-02     3.321964156E-02    -5.092412170E-02
      452     8.701162638E-02    -3.967621755E-02    -5.655225094E-02
      453     8.750208858E-02     3.852663868E-02    -5.695827569E-02
      454    -8.746598369E-02     3.852117632E-02    -5.687316132E-02
      455    -7.316974661E-02     2.414173772E-02    -5.689278076E-02
      456     7.316403077E-02     2.415014883E-02    -5.699641449E-02
      457     5.746171564E-02     1.100680048E-02    -5.596167843E-02
      458    -1.114809315E-01     9.164046232E-04    -6.679622502E-02
      459     1.114842062E-01    -9.314496406E-04    -6.681818377E-02
      460    -1.597973808E-03    -6.383245687E-02    -4.030064590E-02
      461     2.981798496E-02     6.088365037E-02    -4.240107186E-02
      462     1.603393175E-03     6.381396366E-02    -4.028258644E-02
      463    -2.981795219E-02    -6.089120348E-02    -4.241558849E-02
      464    -3.038501995E-02    -3.900543249E-02    -4.876436986E-02
      465     3.031513384E-02     3.894830084E-02    -4.874465043E-02
      466     3.107082201E-02    -4.002217369E-02    -4.853637250E-02
      467    -3.113608894E-02     4.123135341E-02    -4.819571105E-02
      468    -4.446581289E-02     9.405223190E-03    -5.438419381E-02
      469     7.069989380E-02     3.073043138E-02    -5.547032830E-02
      470    -7.070736728E-02     3.071675223E-02    -5.536251296E-02
      471    -8.127848644E-02    -2.873622846E-02    -5.772942701E-02
      472     4.003863543E-02    -6.490771206E-02    -4.186898935E-02
      473    -4.004071910E-02     6.487168493E-02    -4.186987706E-02
      474    -4.704276106E-02    -6.400429007E-02    -4.296353817E-02
      475    -2.060503602E-02    -4.658386811E-02    -4.622432500E-02
      476     4.702847239E-02     6.399298772E-02    -4.295688223E-02
      477    -2.044710135E-02     4.758550935E-02    -4.586762511E-02
      478     2.060460742E-02     4.656502989E-02    -4.619791354E-02
      479     2.044848873E-02    -4.761117636E-02    -4.590555774E-02
      480    -1.828324488E-02     7.067808592E-02    -3.818580490E-02
      481    -1.904934276E-02    -7.088139101E-02    -3.816528263E-02
      482     1.904970039E-02     7.087648341E-02    -3.815739716E-02
      483    -1.003368811E-01     3.831816030E-02    -5.971642134E-02
      484     1.828827660E-02    -7.070075597E-02    -3.819016113E-02
      485     1.001325175E-01    -3.753112884E-02    -5.986370206E-02
      486     1.004420275E-01     3.830706107E-02    -5.978057113E-02
      487    -1.000612225E-01    -3.749186561E-02    -5.988626132E-02
      488    -1.043411521E-01     1.846212917E-02    -6.403532122E-02
      489     1.043444967E-01    -1.848504187E-02    -6.405353414E-02
      490     7.315689555E-02    -6.765307567E-03    -5.861136953E-02
      491    -6.882430009E-02    -1.443634627E-02    -5.738828294E-02
      492     6.520891301E-02    -1.142369456E-03    -5.745416786E-02
      493    -3.011397927E-02     5.021676587E-02    -4.572321939E-02
      494     3.013355945E-02    -5.035777739E-02    -4.572240057E-02
      495     7.418106451E-02    -8.385870131E-04    -5.893945407E-02
      496    -8.531311482E-02    -2.322102735E-02    -5.937326349E-02
      497    -1.873847016E-02     5.265098342E-02    -4.432722351E-02
      498     1.874182792E-02    -5.267926279E-02    -4.435849607E-02
      499     1.681684657E-02     5.888650184E-02    -4.231212932E-02
      500    -1.681610974E-02    -5.890138433E-02    -4.233005839E-02
      501    -5.791200316E-02     8.344575011E-03    -5.611414386E-02
      502     9.625527289E-02     3.522074855E-06    -6.328554741E-02
      503     5.018529134E-02     1.072211642E-02    -5.502728577E-02
      504     8.838903929E-02     3.043304546E-04    -6.162896781E-02
      505    -8.798160712E-02     1.726976939E-03    -6.149752833E-02
      506     3.898772567E-02     2.104655856E-02    -5.277582021E-02
      507     7.460358933E-02     4.652798368E-02    -5.249187599E-02
      508    -3.990858261E-02     2.066655116E-02    -5.283616849E-02
      509    -7.461151057E-02     4.651316878E-02    -5.241427416E-02
      510     7.467657043E-02    -4.664790914E-02    -5.243291224E-02
      511    -7.469232564E-02    -4.657092078E-02    -5.250727822E-02
      512    -3.097908269E-02    -4.575414652E-02    -4.711780197E-02
      513     3.097519066E-02     4.573941750E-02    -4.709250888E-02
